1 1
    1

2 2
    2
    11

3 3
    3
    21
    111

4 5
    4
    31
    22
    211
    1111

5 7
    5
    41
    32
    311
    221
    2111
    11111

6 11
    6
    51
    42
    411
    33
    321
    3111
    222
    2211
    21111
    111111

7 14
    7
    61
    52
    511
    43
    421
    4111
    322
    3211
    31111
    2221
    22111
    211111
    1111111

8 21
    8
    71
    62
    611
    53
    521
    51111
    44
    431
    422
    4211
    41111
    332
    3311
    32111
    311111
    2222
    22211
    221111
    2111111
    11111111